1.716621274525436520e-24
1.619633158839489797e-24
1.540667983560066868e-24
1.478438970267597003e-24
1.427415966986266731e-24
1.382505463015531837e-24
1.347070981204885652e-24
1.289017641022974577e-24
1.243303481724121290e-24
1.211102119412240128e-24
1.182396719768736508e-24
1.162475881345684573e-24
1.133652903860830131e-24
1.115905663979977558e-24
1.101132384902531089e-24
1.096224571327619142e-24
1.104950127056442304e-24
1.141280147757564711e-24
1.187201371246350541e-24
1.238844554659540158e-24
1.291470375352497349e-24
1.345709709763398502e-24
1.399392217263359841e-24
1.453191251415139543e-24
1.560381439808074427e-24
1.720326291454013660e-24
1.982378051342311339e-24
2.502273301287025907e-24
3.544264652256530998e-24
6.216151745709415523e-24
