6.595120339077455482e-23 6.425734683596210136e-23 6.700743828724573034e-23 3.600998998750068980e-23 1.425025904307993243e-23 2.744246577669803123e-22 3.625126343194378505e-23 4.174675357242317079e-24 4.936545805390168855e-22 1.581332128740007136e-21 1.420441152999628512e-21 2.583584277509991291e-22 1.907755154892058156e-24 2.059788526051211998e-21
6.222506961374660243e-23 6.062696911233920426e-23 6.322166017299663839e-23 3.397547355712137486e-23 1.344515482730817962e-23 2.589199989484802101e-22 3.420311083140503280e-23 3.938813262819808053e-24 4.657636823460608183e-22 1.491988831567609125e-21 1.340187832589489132e-21 2.437617462259830648e-22 1.799971226914671767e-24 1.943415044572734630e-21
5.919147143810816586e-23 5.767113872054692990e-23 6.013932391211157690e-23 3.231906316538511910e-23 1.278964628010072613e-23 2.462967477174298818e-22 3.253558853433607279e-23 3.746788370184921588e-24 4.430560365198886812e-22 1.419249333474571584e-21 1.274848639210314757e-21 2.318775193764003909e-22 1.712216329731129821e-24 1.848666777140527425e-21
5.680073693335735360e-23 5.534182196239091483e-23 5.771032390261160632e-23 3.101371604158541087e-23 1.227307678909517021e-23 2.363489631623111878e-22 3.122149473271561364e-23 3.595455677362797351e-24 4.251612498749193598e-22 1.361926683516737946e-21 1.223358189823695361e-21 2.225120383766171218e-22 1.643060320372709023e-24 1.773999561945237307e-21
5.484053680751420512e-23 5.343199255812428104e-23 5.571874342706985305e-23 2.994342136120218919e-23 1.184953715156583066e-23 2.281924988248285977e-22 3.014403327463085852e-23 3.471376524137480100e-24 4.104888406938545789e-22 1.314926203041157023e-21 1.181139888395258936e-21 2.148332902616543808e-22 1.586359325154456411e-24 1.712779939238121703e-21
5.311513863696346180e-23 5.175099395066359433e-23 5.396578052985310734e-23 2.900135458917101530e-23 1.147674524197483208e-23 2.210132478125706201e-22 2.919566097006763744e-23 3.362159635785701047e-24 3.975743136236643027e-22 1.273556740805135239e-21 1.143979759509810714e-21 2.080744428018043414e-22 1.536451162759898281e-24 1.658894460666479874e-21
5.175387708114074875e-23 5.042460725849881293e-23 5.258266905953898167e-23 2.825810211608343189e-23 1.118259288479676784e-23 2.153490042313820368e-22 2.844741786875053848e-23 3.275992239063584376e-24 3.873850293340858289e-22 1.240917476593961727e-21 1.114660941592868862e-21 2.027414410837086068e-22 1.497071432605028151e-24 1.616376493332984184e-21
4.952359551315219209e-23 4.825167574807103544e-23 5.031676015295494983e-23 2.704035479189287524e-23 1.070070424132638680e-23 2.060689179284714605e-22 2.722152864424853928e-23 3.134816762870481928e-24 3.706914139735832059e-22 1.187442150999345908e-21 1.066627041638700970e-21 1.940046695799246843e-22 1.432557919733526165e-24 1.546721727774750234e-21
4.776745654528142068e-23 4.654057261641433563e-23 4.853239041240792638e-23 2.608145502203038604e-23 1.032123673036693475e-23 1.987612679318698499e-22 2.625619270273830539e-23 3.023654381099629198e-24 3.575458519661999543e-22 1.145332996166275976e-21 1.028801819794295050e-21 1.871250427614672887e-22 1.381757711398972740e-24 1.491873163394958871e-21
4.653038205498059646e-23 4.533532501792099164e-23 4.727559160457389469e-23 2.540603426711418199e-23 1.005394954958875433e-23 1.936141090260266732e-22 2.557625904480683343e-23 2.945347934187200650e-24 3.482868222030882820e-22 1.115673113380328492e-21 1.002160115037455721e-21 1.822789676234539630e-22 1.345973671906872555e-24 1.453237392013647857e-21
4.542765181059879001e-23 4.426093027669836079e-23 4.615521884948391852e-23 2.480392993500205614e-23 9.815682395958922645e-24 1.890255885095342289e-22 2.497011921885328249e-23 2.875545738255968945e-24 3.400326615590792828e-22 1.089232446125387928e-21 9.784095835800454892e-22 1.779591465161229338e-22 1.314075509364019085e-24 1.418797184931727848e-21
4.466240874780828318e-23 4.351536118245951110e-23 4.537771862629947017e-23 2.438609582331322271e-23 9.650338374891282803e-24 1.858413514749754130e-22 2.454948379102214224e-23 2.827106318737252905e-24 3.343046196934874292e-22 1.070883749927555954e-21 9.619277025120435999e-22 1.749614197163371403e-22 1.291939880662753022e-24 1.394897516485351370e-21
4.355530312865438364e-23 4.243662560801628262e-23 4.425282410001910640e-23 2.378161945862289531e-23 9.411109478228315826e-24 1.812346753727621153e-22 2.394094423189228267e-23 2.757027009188749462e-24 3.260177590530569483e-22 1.044338595536969607e-21 9.380828362981701207e-22 1.706242620133649662e-22 1.259913658708220943e-24 1.360319062283568385e-21
4.287367062283234992e-23 4.177255835520396109e-23 4.356029762288539054e-23 2.340941935489807988e-23 9.263841760910683814e-24 1.783982828496418281e-22 2.356626064325625423e-23 2.713880222446477194e-24 3.209154918640028617e-22 1.027994196196399165e-21 9.234017817862971539e-22 1.679542795311981458e-22 1.240198181822114254e-24 1.339032402464758097e-21
4.230644199563781778e-23 4.121986000542676802e-23 4.298395480508723367e-23 2.309970006697598815e-23 9.141270162425322982e-24 1.760379595725950724e-22 2.325446346515615255e-23 2.677975022254102561e-24 3.166695640289118311e-22 1.014393199198733530e-21 9.111845030501464652e-22 1.657321767458992683e-22 1.223789751631587476e-24 1.321316377976362175e-21
4.211845354528271415e-23 4.103674623503082136e-23 4.279301515799103846e-23 2.299707116081551996e-23 9.100659549896476497e-24 1.752558805940086317e-22 2.315115232124814941e-23 2.666075329824974481e-24 3.152627254724984427e-22 1.009886528349252292e-21 9.071365614005158792e-22 1.649956910116692495e-22 1.218351530185271087e-24 1.315444750328509885e-21
4.245430487203196331e-23 4.136392246082241830e-23 4.313418357251031121e-23 2.318043390536547761e-23 9.173218729849974177e-24 1.766532136278255361e-22 2.333573803836156549e-23 2.687334646795603888e-24 3.177763260892745718e-22 1.017938513562297041e-21 9.143690988874133520e-22 1.663114025550971057e-22 1.228066843719456088e-24 1.325934316936713786e-21
4.385140589745762974e-23 4.272511412667459543e-23 4.455365649656608431e-23 2.394328607727632560e-23 9.475087251239468300e-24 1.824667013254875407e-22 2.410369392934963944e-23 2.775770113988967801e-24 3.282340167972076135e-22 1.051437971134824126e-21 9.444599143759699192e-22 1.717841960830828783e-22 1.268478775251537846e-24 1.369566750042314463e-21
4.561705297388596189e-23 4.444549541198850060e-23 4.634762494629739790e-23 2.490733370668583328e-23 9.856615413848475022e-24 1.898135808678221912e-22 2.507421166137731639e-23 2.887534812967272233e-24 3.414501410879137231e-22 1.093773177129874978e-21 9.824881704344174154e-22 1.787012386387231946e-22 1.319555251314850134e-24 1.424713609724712556e-21
4.760274386832487877e-23 4.638009026792207896e-23 4.836503997365001395e-23 2.599152049582149388e-23 1.028564679151150679e-23 1.980758939051728664e-22 2.616565546069974859e-23 3.013228139849237168e-24 3.563129536152400209e-22 1.141383629659960346e-21 1.025254273412109897e-21 1.864797926147119664e-22 1.376993105851659890e-24 1.486728846361538360e-21
4.962627654075917979e-23 4.835163380044218531e-23 5.042096459853539497e-23 2.709638409654396157e-23 1.072287305395381336e-23 2.064958200927542885e-22 2.727792039973034013e-23 3.141316688292930850e-24 3.714593089125077578e-22 1.189902245654186542e-21 1.068836357657459379e-21 1.944067303266567169e-22 1.435526729832892572e-24 1.549927154988242122e-21
5.171187061361643211e-23 5.038368581976224356e-23 5.253997674242885847e-23 2.823514192524769203e-23 1.117351863337213724e-23 2.151740653890507592e-22 2.842430925405613381e-23 3.273333646459597957e-24 3.870703566965513942e-22 1.239909358540942567e-21 1.113755588687887634e-21 2.025770068908326638e-22 1.495857202575541900e-24 1.615065504394038849e-21
5.377617924393429225e-23 5.239499597658004092e-23 5.463739431662800308e-23 2.936231564541840568e-23 1.161956289028313358e-23 2.237640421716745640e-22 2.955903687446406788e-23 3.404002915141684232e-24 4.025225898955347235e-22 1.289407937517515190e-21 1.158217680157950675e-21 2.106637107769230624e-22 1.555570617710651690e-24 1.679537589857121379e-21
5.584508114830652369e-23 5.441073861224194611e-23 5.673940025108378350e-23 3.049194514819752043e-23 1.206659151912995029e-23 2.323726457414233586e-22 3.069622619143967224e-23 3.534963245273225914e-24 4.180083617632296044e-22 1.339013749239311164e-21 1.202776430461597890e-21 2.187684064096413857e-22 1.615416819528032284e-24 1.744153088137629509e-21
5.996738952752485690e-23 5.842721210880243220e-23 6.092773359674951431e-23 3.274273745692395849e-23 1.295732036708235210e-23 2.495255209321192452e-22 3.296210755374087565e-23 3.795903492664342089e-24 4.488642019877158005e-22 1.437854605689151617e-21 1.291561152298223038e-21 2.349175626024273878e-22 1.734664401487044972e-24 1.872903808870185639e-21
6.611910115191356281e-23 6.442083835431273600e-23 6.717789864149958698e-23 3.610161937296174238e-23 1.428651735064674102e-23 2.751228016412750986e-22 3.634348547584043285e-23 4.185303052742686606e-24 4.949103802503534105e-22 1.585355309172113437e-21 1.424054214198729875e-21 2.590159174468657332e-22 1.912610101920183447e-24 2.065030382965285330e-21
7.619887171475899567e-23 7.424174259208845295e-23 7.741912400666273401e-23 4.160529511945061955e-23 1.646448494817715159e-23 3.170651348129836676e-22 4.188403104083795165e-23 4.823347091911516774e-24 5.703592045399136038e-22 1.827041944423861068e-21 1.641150476316466643e-21 2.985026352770240281e-22 2.204185619726599518e-24 2.379842215119582680e-21
9.619859337878100691e-23 9.372797397733157780e-23 9.773924220710255806e-23 5.252532279009539959e-23 2.078592150207887761e-23 4.002844974135028613e-22 5.287723992189965528e-23 6.089319043076128361e-24 7.200601656247337174e-22 2.306581256490972235e-21 2.071900118717578778e-21 3.768504730845595695e-22 2.782717253345002598e-24 3.004478335410337009e-21
1.362883741442043286e-22 1.327881148879095707e-22 1.384711699718301285e-22 7.441473892216436710e-23 2.944822744330641767e-23 5.670992138692632264e-22 7.491332217113775501e-23 8.626980306850725882e-24 1.020138346110348037e-21 3.267826728489954751e-21 2.935344835479784825e-21 5.338987779715420451e-22 3.942384133985579680e-24 4.256561722022178852e-21
2.391197532534454690e-22 2.329781893420864256e-22 2.429491648392208529e-22 1.305617109388028957e-22 5.166723858882449607e-23 9.949831104725081142e-22 1.314364099861726086e-22 1.513615040731779472e-23 1.789846013240594932e-21 5.733446233434805927e-21 5.150099315391691175e-21 9.367316766060770398e-22 6.916959073473946455e-24 7.468187399479604828e-21
