2.371370000000000005e+02 2.818379999999999654e+02 5.214956515200000000e+10
2.818379999999999654e+02 3.349650000000000318e+02 1.822617077400000000e+11
3.349650000000000318e+02 3.981069999999999709e+02 1.024982958600000000e+11
3.981069999999999709e+02 4.731510000000000105e+02 3.763109680200000000e+10
4.731510000000000105e+02 5.623410000000000082e+02 1.487096674200000000e+10
5.623410000000000082e+02 6.683440000000000509e+02 4.900634929800000191e+09
6.683440000000000509e+02 7.943280000000000882e+02 2.539881878400000095e+09
7.943280000000000882e+02 9.440610000000000355e+02 1.266832515600000143e+09
9.440610000000000355e+02 1.122019999999999982e+03 6.588729847799999714e+08
1.122019999999999982e+03 1.333519999999999982e+03 3.466886378399999738e+08
1.333519999999999982e+03 1.584889999999999873e+03 2.224747684800000191e+08
1.584889999999999873e+03 1.883650000000000091e+03 1.517565537000000179e+08
1.883650000000000091e+03 2.238719999999999800e+03 8.161742088000001013e+07
2.238719999999999800e+03 2.660730000000000018e+03 4.445503333200000226e+07
2.660730000000000018e+03 3.162280000000000200e+03 2.238656696999999881e+07
3.162280000000000200e+03 3.758370000000000346e+03 1.410664166999999993e+07
3.758370000000000346e+03 4.466840000000000146e+03 1.120799721600000001e+07
4.466840000000000146e+03 5.308840000000000146e+03 8.462722698000000790e+06
5.308840000000000146e+03 6.309569999999999709e+03 6.833490593399999663e+06
6.309569999999999709e+03 7.498940000000000509e+03 4.371342973199999891e+06
7.498940000000000509e+03 8.912509999999998399e+03 3.020227997399999760e+06
8.912509999999998399e+03 1.059250000000000000e+04 2.236700125800000038e+06
1.059250000000000000e+04 1.258929999999999927e+04 1.741695501600000076e+06
1.258929999999999927e+04 1.496240000000000146e+04 1.247921623799999943e+06
1.496240000000000146e+04 1.778280000000000291e+04 9.188468604000000050e+05
1.778280000000000291e+04 2.113489999999999782e+04 6.497339038200000068e+05
2.113489999999999782e+04 2.511890000000000146e+04 5.459788265400000382e+05
2.511890000000000146e+04 2.985379999999999927e+04 3.526112104200000176e+05
2.985379999999999927e+04 3.548129999999999563e+04 2.082288788999999815e+05
3.548129999999999563e+04 4.216969999999999709e+04 1.603930798800000048e+05
4.216969999999999709e+04 5.011869999999999709e+04 1.068642898200000054e+05
5.011869999999999709e+04 5.956620000000000437e+04 8.450494127999999910e+04
5.956620000000000437e+04 7.079460000000000582e+04 6.509638612799999828e+04
7.079460000000000582e+04 8.413950000000000000e+04 5.196597881400000188e+04
8.413950000000000000e+04 1.000000000000000000e+05 3.389870055600000342e+04
