0.000000000000000000e+00 0.000000000000000000e+00 0.000000000000000000e+00 0.000000000000000000e+00 0.000000000000000000e+00 0.000000000000000000e+00 1.530876403479526925e+04 5.556990101643164235e+04 2.050059028177335858e+05 4.720298985776029876e+05 8.148573511190768331e+05 1.225519210594923468e+06 1.684729909137550974e+06 2.204431045432345476e+06 2.719661419870464131e+06 3.249648349118452519e+06 3.804459697128063533e+06 4.362275320300603285e+06 4.883394899299918674e+06 5.427592552257989533e+06 5.957289207080954686e+06 6.992331419873613864e+06 7.999485240598434582e+06 8.908937375492924824e+06 9.804809557938650250e+06 1.062856985429292172e+07 1.141457609763155505e+07 1.213977820539752208e+07 1.314657414633511938e+07 1.406634654719243385e+07 1.515634308465929702e+07 1.630967866663144343e+07 1.729000217022901401e+07 1.812771181522394344e+07 1.882606816740116477e+07 1.939181608162662014e+07 1.985919156076249480e+07 2.026162175821463764e+07 2.055804911538814753e+07 2.098685821901826933e+07 2.124645942021385208e+07 2.130767120254685357e+07 2.129399933353433385e+07 2.116173101209903881e+07 2.072095108398095146e+07 2.011776803935530037e+07 1.908317209361470118e+07 1.726200043754785508e+07 1.555044323093863390e+07 1.266754265758796223e+07 1.048807336933393963e+07 8.820519395959375426e+06 7.532804717916930094e+06 6.518984808122617193e+06 5.707580483425006270e+06 5.045760464212097228e+06 4.041110441691954155e+06 3.040314198390454054e+06 2.068990046903348528e+06 1.168568690928808879e+06 5.481175850278832950e+05 1.888801437762577843e+05
0.000000000000000000e+00 0.000000000000000000e+00 0.000000000000000000e+00 0.000000000000000000e+00 0.000000000000000000e+00 6.971151681652922889e+03 1.203563479501224647e+05 3.409767430670944741e+05 1.170048545256258687e+06 2.516935489969500341e+06 4.242772064329561777e+06 6.233153756581000052e+06 8.412302744136279449e+06 1.081324894540025666e+07 1.317266955192635022e+07 1.556665388085067086e+07 1.801049491277999431e+07 2.045985055639594048e+07 2.276104760470212251e+07 2.511551473775683716e+07 2.739280537611492351e+07 3.178237622509250045e+07 3.600171006965531409e+07 3.978743584676543623e+07 4.347374912213844806e+07 4.682396118583956361e+07 4.997878736374465376e+07 5.286786973813710362e+07 5.683929037373621762e+07 6.043184234887880087e+07 6.461284064368440211e+07 6.896589801428906620e+07 7.259411357059514523e+07 7.564005613311751187e+07 7.812949155756442249e+07 8.011113490666574240e+07 8.170673804388438165e+07 8.305105933303198218e+07 8.400664363926734030e+07 8.530878581635065377e+07 8.601319061008171737e+07 8.599216132106463611e+07 8.573461277398587763e+07 8.505190230016595125e+07 8.309070358977311850e+07 8.058389333405780792e+07 7.642856622493991256e+07 6.926099358940488100e+07 6.257241226364462823e+07 5.130062662956050038e+07 4.273359494892607629e+07 3.612826124099390209e+07 3.099189736011079326e+07 2.692312547044516355e+07 2.364916059531018510e+07 2.096579397332327813e+07 1.686919482379713655e+07 1.275760767820882238e+07 8.734013808501947671e+06 4.969960537835881114e+06 2.349481474883075804e+06 8.145968159518218599e+05
0.000000000000000000e+00 0.000000000000000000e+00 0.000000000000000000e+00 0.000000000000000000e+00 0.000000000000000000e+00 3.455385783837912641e+03 5.599374697076516895e+04 1.694485081581028935e+05 6.186361708418695489e+05 1.352659939551076386e+06 2.290575700101475231e+06 3.383331348974254448e+06 4.593371590007208288e+06 5.920241185503295623e+06 7.211879873756667599e+06 8.508057611365571618e+06 9.847440162385381758e+06 1.119831828058974259e+07 1.245306803418000974e+07 1.374215505981097743e+07 1.497863834072553739e+07 1.736455812000098079e+07 1.965141121875747666e+07 2.168794099995056540e+07 2.367479533807934448e+07 2.548679971288735420e+07 2.718155054075691849e+07 2.874616335042713955e+07 3.090137356110775098e+07 3.284274115879227594e+07 3.511602976671461016e+07 3.749129008321461827e+07 3.949879887479787320e+07 4.119531277618694305e+07 4.261625330941508710e+07 4.376167132421640307e+07 4.469844915669588745e+07 4.551692206479163468e+07 4.611955179534981400e+07 4.701619694161894917e+07 4.760106702502132952e+07 4.778826169883237779e+07 4.786044619429644942e+07 4.768297363623198122e+07 4.697976184655418247e+07 4.593214179739836603e+07 4.406813938871736079e+07 4.062998925404616445e+07 3.725278657201478630e+07 3.128285460762815550e+07 2.654671756838208437e+07 2.277216613139325380e+07 1.976790056618532538e+07 1.734047424003045261e+07 1.535712353132274933e+07 1.371028304818736576e+07 1.115685160548491403e+07 8.543743211595542729e+06 5.931263102005334571e+06 3.431139767424885184e+06 1.648995756097526522e+06 5.795921023786528967e+05
0.000000000000000000e+00 0.000000000000000000e+00 0.000000000000000000e+00 0.000000000000000000e+00 0.000000000000000000e+00 5.726277902790491225e+02 2.423031665069886731e+04 7.148734177499494399e+04 2.844113728201527265e+05 6.350779261170730460e+05 1.083319286403462291e+06 1.642551152109158691e+06 2.257838024952344596e+06 2.939697004256832413e+06 3.606260168645889964e+06 4.284074800914089195e+06 5.002446409968634136e+06 5.730875075165622868e+06 6.402971792996441945e+06 7.109380597116743214e+06 7.787945991044215858e+06 9.120357210379268974e+06 1.041614354347685166e+07 1.158661004842646606e+07 1.274310373753315210e+07 1.380723753888690099e+07 1.481915025470024720e+07 1.576520546958242171e+07 1.709118266298801079e+07 1.829804710243482888e+07 1.974128663227233663e+07 2.128679694632851705e+07 2.262905800602057204e+07 2.378664076564282179e+07 2.479564321194890887e+07 2.563412307173057273e+07 2.634121224420665205e+07 2.698154635682217404e+07 2.748242396405076981e+07 2.829313428255330399e+07 2.890512775987404957e+07 2.925559814129779115e+07 2.953303048013314605e+07 2.963323185385430977e+07 2.958245032866911218e+07 2.926514735319894180e+07 2.852569689422396943e+07 2.689673175184828043e+07 2.512022955619645119e+07 2.171793010328706726e+07 1.884235124559744820e+07 1.644389718944206834e+07 1.447601372282526083e+07 1.284461220550099760e+07 1.148576064263212867e+07 1.033879307135247253e+07 8.525562050728254020e+06 6.624924329573070630e+06 4.674484723517057486e+06 2.755499519592781086e+06 1.349181227142372634e+06 4.820675400758517790e+05
0.000000000000000000e+00 0.000000000000000000e+00 0.000000000000000000e+00 0.000000000000000000e+00 0.000000000000000000e+00 0.000000000000000000e+00 2.773747342420035693e+03 1.742381634610370747e+04 1.009142434649016941e+05 2.621457996631747810e+05 4.895823294920272892e+05 7.906985856653499650e+05 1.139301393869034946e+06 1.549465810769059230e+06 1.960457388307935558e+06 2.387014338418837171e+06 2.844899623640874866e+06 3.324854994243468624e+06 3.783551719767877832e+06 4.266795724249176681e+06 4.733116062571619637e+06 5.670167899381024763e+06 6.614856113746069372e+06 7.476702229762250558e+06 8.342571079050925560e+06 9.152171242602115497e+06 9.938677858267283067e+06 1.067071124829962663e+07 1.171765362666780874e+07 1.268893551948573254e+07 1.386550820776366815e+07 1.515381857088221796e+07 1.629789993002036028e+07 1.730164830387676507e+07 1.819837035125575960e+07 1.896241831529617682e+07 1.962470205372197554e+07 2.023282771161875874e+07 2.073148277637863904e+07 2.156804321615818888e+07 2.224298990831657127e+07 2.270012909614240006e+07 2.309545942109646648e+07 2.333453876253853738e+07 2.358920851178785786e+07 2.359574073687375337e+07 2.333887277195725963e+07 2.246108029185727984e+07 2.133032692467364669e+07 1.892952997098891810e+07 1.675172198148020171e+07 1.484744754723572358e+07 1.323689486551753432e+07 1.186757511554759368e+07 1.070553965268469788e+07 9.709245543583422899e+06 8.104618186901444569e+06 6.383340661619164981e+06 4.572471428645281121e+06 2.742460995846307371e+06 1.365704948707877193e+06 4.957199442614048021e+05
0.000000000000000000e+00 0.000000000000000000e+00 0.000000000000000000e+00 0.000000000000000000e+00 0.000000000000000000e+00 1.128893439539505835e+03 4.994987281632313170e+03 1.611244106193391963e+04 6.147346542205975129e+04 1.328044325060841511e+05 2.281732698376839398e+05 3.511689022697104374e+05 5.051670762517354451e+05 6.691157085542485584e+05 8.411334219165593386e+05 1.015105745120992302e+06 1.206275906097938539e+06 1.405578944805189967e+06 1.597534248968850821e+06 1.807346075346480589e+06 2.008938989908851916e+06 2.427016389352331404e+06 2.854836626740484498e+06 3.255473264675071463e+06 3.672273870671289973e+06 4.063080324564810377e+06 4.457372910804846324e+06 4.842024292013457976e+06 5.399568211661419831e+06 5.926655726459139027e+06 6.592070033361164853e+06 7.347278368867428973e+06 8.053727791772916913e+06 8.692844791029265150e+06 9.291640434862146154e+06 9.815919164260160178e+06 1.028651840179537795e+07 1.073689605972986668e+07 1.111790990406719595e+07 1.179805799942990579e+07 1.238324661282361858e+07 1.283587783287903666e+07 1.325374898599821702e+07 1.356110703143265098e+07 1.402864976634854451e+07 1.431750407729066722e+07 1.453786194663110375e+07 1.451220580036586896e+07 1.419614531775503047e+07 1.319199588692920655e+07 1.208627696613105573e+07 1.100670892969989963e+07 1.003216025546575896e+07 9.159188686938170344e+06 8.390247344459859654e+06 7.710844208434171975e+06 6.576031743280910887e+06 5.303697883733610623e+06 3.901203467508377507e+06 2.412225041418081149e+06 1.237098642812680686e+06 4.617269740188156720e+05
0.000000000000000000e+00 0.000000000000000000e+00 0.000000000000000000e+00 0.000000000000000000e+00 0.000000000000000000e+00 0.000000000000000000e+00 0.000000000000000000e+00 2.110120096152429312e+02 1.205941695476306450e+04 3.184013965874447604e+04 6.228146238018317672e+04 1.123424339116361807e+05 1.651813742238222330e+05 2.357013111270207155e+05 3.142919491162929917e+05 3.934451837020575185e+05 4.863067582298996858e+05 5.833527837919911835e+05 6.788847779736103257e+05 7.833500636751111597e+05 8.860579518586471677e+05 1.103921341839271598e+06 1.329170471605714178e+06 1.547919807176345726e+06 1.781138505599717842e+06 2.003369328500228468e+06 2.231050377337080427e+06 2.453235191664605401e+06 2.782770184512716718e+06 3.101618561509182677e+06 3.509437246471415274e+06 3.983192556774592027e+06 4.438150518097080290e+06 4.854197084435304627e+06 5.255413145070007071e+06 5.612452981565060094e+06 5.939720734859073535e+06 6.260388473097095266e+06 6.536242254974295385e+06 7.044636549177456647e+06 7.496643100187982433e+06 7.865016685692303814e+06 8.215457076806821860e+06 8.490444720477269962e+06 8.940993226025445387e+06 9.268965615786131471e+06 9.605883513927694410e+06 9.866358843831509352e+06 9.878089364388346672e+06 9.518696644825426862e+06 8.962560775882255286e+06 8.338797471459648572e+06 7.735316248127368279e+06 7.165606954082493670e+06 6.645559737929340452e+06 6.173312835293986835e+06 5.357420787496931851e+06 4.405813658014814369e+06 3.313146327424199320e+06 2.101419737707729451e+06 1.104297025055094855e+06 4.218750316641923273e+05
0.000000000000000000e+00 0.000000000000000000e+00 0.000000000000000000e+00 0.000000000000000000e+00 0.000000000000000000e+00 0.000000000000000000e+00 0.000000000000000000e+00 0.000000000000000000e+00 0.000000000000000000e+00 1.943641491581945274e+03 6.278722761539362182e+03 1.707463469112831808e+04 2.558836113520479194e+04 4.260648255914929905e+04 6.195030385989084607e+04 8.560585911105334526e+04 1.169696159562607645e+05 1.485240665931022377e+05 1.787293851268104045e+05 2.108257799898543162e+05 2.468788976288222766e+05 3.310698009204539121e+05 4.215368648993038805e+05 5.130801250339671387e+05 6.107846523875334533e+05 7.103085769654980395e+05 8.133574158929132391e+05 9.156631553042700980e+05 1.075750536796014989e+06 1.236047662796742748e+06 1.445104540967085399e+06 1.692236042340945220e+06 1.937795794228913030e+06 2.168221181005373597e+06 2.396260690092767589e+06 2.606841374436731450e+06 2.802561340344234370e+06 2.996515123563664500e+06 3.170190298532268498e+06 3.496893505558637902e+06 3.794864050682070665e+06 4.048265612646901514e+06 4.294548014539442025e+06 4.497885871755588800e+06 4.842886520400020294e+06 5.116602549263441004e+06 5.429420797604018822e+06 5.754539886433544569e+06 5.908197859375852160e+06 5.920497018374012783e+06 5.741373689179825597e+06 5.469039404964323156e+06 5.173096888434788212e+06 4.871152157325020060e+06 4.581238075344447978e+06 4.308138442805428058e+06 3.815173297885762062e+06 3.210395378386749886e+06 2.479021966420346871e+06 1.621916792276934255e+06 8.780354802367719822e+05 3.451395867285213899e+05
0.000000000000000000e+00 0.000000000000000000e+00 0.000000000000000000e+00 0.000000000000000000e+00 0.000000000000000000e+00 0.000000000000000000e+00 0.000000000000000000e+00 0.000000000000000000e+00 0.000000000000000000e+00 0.000000000000000000e+00 3.250020703930874788e+02 7.862856796234462990e+02 3.127381932400908227e+03 8.311679641638553221e+03 1.352090448579065742e+04 1.931941530800658438e+04 2.905043629341775159e+04 3.908042397622735734e+04 4.908467423338707886e+04 6.029692755430335092e+04 7.310556162650967599e+04 1.039108569656138716e+05 1.401151754351561540e+05 1.789945374591855798e+05 2.213167416194516409e+05 2.641069806090822676e+05 3.102129941566712223e+05 3.570485399814733537e+05 4.342661314075050177e+05 5.124463169238980045e+05 6.181126258859569207e+05 7.463687152315791463e+05 8.808855939554370707e+05 1.008714294735326665e+06 1.139348669979247032e+06 1.262509247261341661e+06 1.381193492225335911e+06 1.498122872361209011e+06 1.607160777883022325e+06 1.814392037322561024e+06 2.008418064431722276e+06 2.178989941625114065e+06 2.346969926821067929e+06 2.489600318088771310e+06 2.738591523396027274e+06 2.946244290675881319e+06 3.195061013741214294e+06 3.482732134173251688e+06 3.655882745156057645e+06 3.793735294410922565e+06 3.778495076628411189e+06 3.677812495460658334e+06 3.542230833828961011e+06 3.386620504386787768e+06 3.227158325623430777e+06 3.070080318397745956e+06 2.771511367068626452e+06 2.383978203954442404e+06 1.888809635579130845e+06 1.273640857432341203e+06 7.098723826071799267e+05 2.867948264626213349e+05
0.000000000000000000e+00 0.000000000000000000e+00 0.000000000000000000e+00 0.000000000000000000e+00 0.000000000000000000e+00 0.000000000000000000e+00 0.000000000000000000e+00 0.000000000000000000e+00 0.000000000000000000e+00 0.000000000000000000e+00 0.000000000000000000e+00 0.000000000000000000e+00 2.539401152681771805e+02 2.127026507443600167e+03 4.116765770180281834e+03 6.520206114844509102e+03 9.701608552706817136e+03 1.381433148282465845e+04 1.760293853598580972e+04 2.309006187425184544e+04 2.837990169679396422e+04 4.115796322640134895e+04 5.910522805367306137e+04 7.654233945268382377e+04 9.630017551044264110e+04 1.158982316146050725e+05 1.383300261567809794e+05 1.610292115041644720e+05 1.992950883365797345e+05 2.398052005132220220e+05 2.948208212070312584e+05 3.637917619686551043e+05 4.382922791658033966e+05 5.105295122204790241e+05 5.866870205077856081e+05 6.568505616474193521e+05 7.265476125705497107e+05 7.961291077590966597e+05 8.611346540692079579e+05 9.894183051837898092e+05 1.112892405273463344e+06 1.224186365025448613e+06 1.335460834761777660e+06 1.431630788743255660e+06 1.605218335735081695e+06 1.755700575069862418e+06 1.942761488834081683e+06 2.175411001621989999e+06 2.333521323525958695e+06 2.505655758717167191e+06 2.561291889152355958e+06 2.545416312825125642e+06 2.493896295510952361e+06 2.418620747836232651e+06 2.333153851839899551e+06 2.243494380076200701e+06 2.061441801450063474e+06 1.809019557666906388e+06 1.466983155274006771e+06 1.016473207067142939e+06 5.815694459502303507e+05 2.406750522641229327e+05
0.000000000000000000e+00 0.000000000000000000e+00 0.000000000000000000e+00 0.000000000000000000e+00 0.000000000000000000e+00 0.000000000000000000e+00 0.000000000000000000e+00 0.000000000000000000e+00 0.000000000000000000e+00 0.000000000000000000e+00 0.000000000000000000e+00 0.000000000000000000e+00 0.000000000000000000e+00 2.668275646495521300e+02 7.370496434730083593e+02 1.430878228388882007e+03 2.729698415385799763e+03 4.806425231439971867e+03 7.011705234524426487e+03 1.076977674437980386e+04 1.323979077640490868e+04 1.868296632100265560e+04 2.658594869206226576e+04 3.377536001589828084e+04 4.277509710195851949e+04 5.303982767437832081e+04 6.451004536953701609e+04 7.607274185768120515e+04 9.566726531806479034e+04 1.162053236220271501e+05 1.450944191164075164e+05 1.840334662048547470e+05 2.256644209130428790e+05 2.658060045123453601e+05 3.084761191311252187e+05 3.495481003167440067e+05 3.902743883129023015e+05 4.312721247237600037e+05 4.711377917990046553e+05 5.488147405369437765e+05 6.245580857560001314e+05 6.952664656189812813e+05 7.663690860048969043e+05 8.298000594744896516e+05 9.462234547830272932e+05 1.051778887554507703e+06 1.188753455571345519e+06 1.370323009249147726e+06 1.504961971212635981e+06 1.681260125684030121e+06 1.774118204801925458e+06 1.811082451292410260e+06 1.815071673189619090e+06 1.794913491486168699e+06 1.761253904320608824e+06 1.719093027050842065e+06 1.620154894701315556e+06 1.464141454445209820e+06 1.229929631013693754e+06 8.896175639722563792e+05 5.311597482637945795e+05 2.287749201176107745e+05
0.000000000000000000e+00 0.000000000000000000e+00 0.000000000000000000e+00 0.000000000000000000e+00 0.000000000000000000e+00 0.000000000000000000e+00 0.000000000000000000e+00 0.000000000000000000e+00 0.000000000000000000e+00 0.000000000000000000e+00 0.000000000000000000e+00 0.000000000000000000e+00 0.000000000000000000e+00 0.000000000000000000e+00 0.000000000000000000e+00 1.662987275107082326e+02 1.018870815879448742e+03 1.857789121159814158e+03 2.766794564210091266e+03 4.183714923558276496e+03 5.438067338162105443e+03 8.037376848088692896e+03 1.244842738198607731e+04 1.664641946612468018e+04 2.130458881339302025e+04 2.648687605220910700e+04 3.269695427800484322e+04 3.911330758888484706e+04 5.104614497814339848e+04 6.447877073425351409e+04 8.123115934815858782e+04 1.053681190281309682e+05 1.330360825045608799e+05 1.582712899996221240e+05 1.872221323256531323e+05 2.146390522854385490e+05 2.422104270946854958e+05 2.713162104967515916e+05 2.989898172329919762e+05 3.558758820402866695e+05 4.133091360579921165e+05 4.666757185184904956e+05 5.221071257109940634e+05 5.726940323424582602e+05 6.671387301714622881e+05 7.552591167579583125e+05 8.718970743050300516e+05 1.032360083222490735e+06 1.155609551910842769e+06 1.327912806996605592e+06 1.431673524797601160e+06 1.488522312188356882e+06 1.515396276295211399e+06 1.519246596610114444e+06 1.509072500168665312e+06 1.488969974375987891e+06 1.429707297213996295e+06 1.320926045941012679e+06 1.140216603556886781e+06 8.532029662706049858e+05 5.271573329305873485e+05 2.344649154543870245e+05
0.000000000000000000e+00 0.000000000000000000e+00 0.000000000000000000e+00 0.000000000000000000e+00 0.000000000000000000e+00 0.000000000000000000e+00 0.000000000000000000e+00 0.000000000000000000e+00 0.000000000000000000e+00 0.000000000000000000e+00 0.000000000000000000e+00 0.000000000000000000e+00 0.000000000000000000e+00 0.000000000000000000e+00 0.000000000000000000e+00 0.000000000000000000e+00 0.000000000000000000e+00 1.523846420197887142e+02 2.607363400548738923e+02 4.534489565171192567e+02 8.230643392802386415e+02 1.388931996647889946e+03 2.401615266924484331e+03 3.414374949915501929e+03 4.484563155859189465e+03 6.316586405655339149e+03 8.533259751470668562e+03 1.090457669812909444e+04 1.574674746180928196e+04 2.036870690532266963e+04 2.615889848792020348e+04 3.502783053442235541e+04 4.553459248426296108e+04 5.575887213820062607e+04 6.797311293775004742e+04 8.012487074652052252e+04 9.329835093914691242e+04 1.069275703180459968e+05 1.206484720342019427e+05 1.492210350937671319e+05 1.790763801787775301e+05 2.077121860037602310e+05 2.380458804740900232e+05 2.666076900365620968e+05 3.209624238100994262e+05 3.746242810157869244e+05 4.484685167505628197e+05 5.557165832112847129e+05 6.441497307523499476e+05 7.778832118207779713e+05 8.694829362853879575e+05 9.321448450886987848e+05 9.735996702570272610e+05 9.979946358217236120e+05 1.011043702040197677e+06 1.014881056565096369e+06 1.003828092302272678e+06 9.600460135614208411e+05 8.644019293405124918e+05 6.821002937873251503e+05 4.448587472243575612e+05 2.083665814560407307e+05
0.000000000000000000e+00 0.000000000000000000e+00 0.000000000000000000e+00 0.000000000000000000e+00 0.000000000000000000e+00 0.000000000000000000e+00 0.000000000000000000e+00 0.000000000000000000e+00 0.000000000000000000e+00 0.000000000000000000e+00 0.000000000000000000e+00 0.000000000000000000e+00 0.000000000000000000e+00 0.000000000000000000e+00 0.000000000000000000e+00 0.000000000000000000e+00 0.000000000000000000e+00 0.000000000000000000e+00 0.000000000000000000e+00 0.000000000000000000e+00 0.000000000000000000e+00 5.442462887342052369e+01 5.754453984520806387e+01 4.198995733320966792e+02 7.085062995235373364e+02 1.380324615453910610e+03 2.160447828355950151e+03 2.765774740759115502e+03 4.198720543240779989e+03 5.469734551325912435e+03 7.648401143233707444e+03 1.110227421226192564e+04 1.508914284484524615e+04 1.988829373160599062e+04 2.572198017981688827e+04 3.092295899710625599e+04 3.650454357472535048e+04 4.302810108506023244e+04 5.033571136939740245e+04 6.374234480106052069e+04 7.808276185611450637e+04 9.317441372357009095e+04 1.096446592599510041e+05 1.253176337918985519e+05 1.561328827929876279e+05 1.885511545487763651e+05 2.349553388576116413e+05 3.058288598099480732e+05 3.680290052792014903e+05 4.673961006066604750e+05 5.397717010812504450e+05 5.945904301668076077e+05 6.352506620753203752e+05 6.645429226818488678e+05 6.858491614736613119e+05 6.997096896354681812e+05 7.125037176465932280e+05 7.056217303419441450e+05 6.638742644321023254e+05 5.548420052387393080e+05 3.845421691456286935e+05 1.911017344789411291e+05
0.000000000000000000e+00 0.000000000000000000e+00 0.000000000000000000e+00 0.000000000000000000e+00 0.000000000000000000e+00 0.000000000000000000e+00 0.000000000000000000e+00 0.000000000000000000e+00 0.000000000000000000e+00 0.000000000000000000e+00 0.000000000000000000e+00 0.000000000000000000e+00 0.000000000000000000e+00 0.000000000000000000e+00 0.000000000000000000e+00 0.000000000000000000e+00 0.000000000000000000e+00 0.000000000000000000e+00 0.000000000000000000e+00 0.000000000000000000e+00 0.000000000000000000e+00 0.000000000000000000e+00 0.000000000000000000e+00 0.000000000000000000e+00 5.861778035015540844e+00 1.239677185305544498e+02 3.522530193727174606e+02 4.776926248117354135e+02 8.612666780688764447e+02 9.601095234977481141e+02 1.624278610814041258e+03 3.379396752814721367e+03 5.132789650033403632e+03 6.997927264886078774e+03 9.860508931589945860e+03 1.198997776226576025e+04 1.389251108673354793e+04 1.636072947522474715e+04 1.912485478479414815e+04 2.452957130784985929e+04 3.087455619969116378e+04 3.823478827115585591e+04 4.598918853943787690e+04 5.390229740222066175e+04 6.957032679424500384e+04 8.600024608338580583e+04 1.104864207802734454e+05 1.498763968076780438e+05 1.861751212711171829e+05 2.466120696801157319e+05 2.924304681228763075e+05 3.289076984721528715e+05 3.575616968473358429e+05 3.800065663288627984e+05 3.981372362977407756e+05 4.116786276759167085e+05 4.295833422840657877e+05 4.382411098496522172e+05 4.281401554441330372e+05 3.760374591715136194e+05 2.748127047092857538e+05 1.438633145655346452e+05
0.000000000000000000e+00 0.000000000000000000e+00 0.000000000000000000e+00 0.000000000000000000e+00 0.000000000000000000e+00 0.000000000000000000e+00 0.000000000000000000e+00 0.000000000000000000e+00 0.000000000000000000e+00 0.000000000000000000e+00 0.000000000000000000e+00 0.000000000000000000e+00 0.000000000000000000e+00 0.000000000000000000e+00 0.000000000000000000e+00 0.000000000000000000e+00 0.000000000000000000e+00 0.000000000000000000e+00 0.000000000000000000e+00 0.000000000000000000e+00 0.000000000000000000e+00 0.000000000000000000e+00 0.000000000000000000e+00 0.000000000000000000e+00 0.000000000000000000e+00 0.000000000000000000e+00 0.000000000000000000e+00 0.000000000000000000e+00 0.000000000000000000e+00 0.000000000000000000e+00 2.383380688991287286e+02 6.375187549226071724e+02 1.195338952670056187e+03 1.654235936970293096e+03 2.063302961912639603e+03 2.630649798518675198e+03 3.381934430068441998e+03 4.033525179329397815e+03 4.738407733651465605e+03 6.517038347712657924e+03 8.229371102985569451e+03 1.066866334529821324e+04 1.351606982707094357e+04 1.654255150606636016e+04 2.256169508231064174e+04 2.886548409409105079e+04 3.863894280693115434e+04 5.516079813475633273e+04 7.199654833289528324e+04 1.029966320466761972e+05 1.285663367002243904e+05 1.505140015831536439e+05 1.686532218944260676e+05 1.840075470602339192e+05 1.974613270627073071e+05 2.084571392896414618e+05 2.256919164380820293e+05 2.405225946481623105e+05 2.479123953492257860e+05 2.332383763467093522e+05 1.834136096586344938e+05 1.033681183675156499e+05
0.000000000000000000e+00 0.000000000000000000e+00 0.000000000000000000e+00 0.000000000000000000e+00 0.000000000000000000e+00 0.000000000000000000e+00 0.000000000000000000e+00 0.000000000000000000e+00 0.000000000000000000e+00 0.000000000000000000e+00 0.000000000000000000e+00 0.000000000000000000e+00 0.000000000000000000e+00 0.000000000000000000e+00 0.000000000000000000e+00 0.000000000000000000e+00 0.000000000000000000e+00 0.000000000000000000e+00 0.000000000000000000e+00 0.000000000000000000e+00 0.000000000000000000e+00 0.000000000000000000e+00 0.000000000000000000e+00 0.000000000000000000e+00 0.000000000000000000e+00 0.000000000000000000e+00 0.000000000000000000e+00 0.000000000000000000e+00 0.000000000000000000e+00 0.000000000000000000e+00 2.303577587851605415e+02 4.861256002761223840e+02 7.596268296481697462e+02 9.554732128066899577e+02 1.132318148108968217e+03 1.385124446127514148e+03 1.677885409011931642e+03 2.191823810234257962e+03 2.484690293620068587e+03 3.433943049137595608e+03 4.417964060080303170e+03 6.014404441517117448e+03 7.833029390688085186e+03 9.509726677174629003e+03 1.289414580481193479e+04 1.683444049323142826e+04 2.275180002664833592e+04 3.295556226631846948e+04 4.405358133225578786e+04 6.528099113190332719e+04 8.357524309879797511e+04 9.996155216674024996e+04 1.137302178688263812e+05 1.256157022430009238e+05 1.364226691551362455e+05 1.455406762837080460e+05 1.608071128503575746e+05 1.759575903928367188e+05 1.878437789482436783e+05 1.854633219473611680e+05 1.540614926081022422e+05 9.202662796628953947e+04
0.000000000000000000e+00 0.000000000000000000e+00 0.000000000000000000e+00 0.000000000000000000e+00 0.000000000000000000e+00 0.000000000000000000e+00 0.000000000000000000e+00 0.000000000000000000e+00 0.000000000000000000e+00 0.000000000000000000e+00 0.000000000000000000e+00 0.000000000000000000e+00 0.000000000000000000e+00 0.000000000000000000e+00 0.000000000000000000e+00 0.000000000000000000e+00 0.000000000000000000e+00 0.000000000000000000e+00 0.000000000000000000e+00 0.000000000000000000e+00 0.000000000000000000e+00 0.000000000000000000e+00 0.000000000000000000e+00 0.000000000000000000e+00 0.000000000000000000e+00 0.000000000000000000e+00 0.000000000000000000e+00 0.000000000000000000e+00 0.000000000000000000e+00 0.000000000000000000e+00 0.000000000000000000e+00 1.092358347352329595e+01 3.147029469206215779e+01 9.332967316617934728e+01 1.125112991750704197e+02 1.260268822072815880e+02 1.980068732867760843e+02 2.877035417206106445e+02 3.516757021346765555e+02 6.511408301929902791e+02 1.044235201511315836e+03 1.527566966463907647e+03 2.134126194660491365e+03 2.716116431257000841e+03 3.807604638396301652e+03 5.542661130039484306e+03 8.236040284645245265e+03 1.340171665418271004e+04 1.905179140565679700e+04 3.125211518732839249e+04 4.281675151141553215e+04 5.375406596227068076e+04 6.328949071845066646e+04 7.171273506423311483e+04 7.964152557874572813e+04 8.648352617123756499e+04 9.869334790086319845e+04 1.123844440379137523e+05 1.262597463895801484e+05 1.334973346359877614e+05 1.196222934878171654e+05 7.745087752735943650e+04
0.000000000000000000e+00 0.000000000000000000e+00 0.000000000000000000e+00 0.000000000000000000e+00 0.000000000000000000e+00 0.000000000000000000e+00 0.000000000000000000e+00 0.000000000000000000e+00 0.000000000000000000e+00 0.000000000000000000e+00 0.000000000000000000e+00 0.000000000000000000e+00 0.000000000000000000e+00 0.000000000000000000e+00 0.000000000000000000e+00 0.000000000000000000e+00 0.000000000000000000e+00 0.000000000000000000e+00 0.000000000000000000e+00 0.000000000000000000e+00 0.000000000000000000e+00 0.000000000000000000e+00 0.000000000000000000e+00 0.000000000000000000e+00 0.000000000000000000e+00 0.000000000000000000e+00 0.000000000000000000e+00 0.000000000000000000e+00 0.000000000000000000e+00 0.000000000000000000e+00 0.000000000000000000e+00 0.000000000000000000e+00 0.000000000000000000e+00 8.270718056065669899e+00 1.201891724287257546e+01 1.245110117171190112e+01 1.301627211000561424e+01 1.371305531671063882e+01 5.390334633321546676e+01 1.772556166299237361e+02 2.736576426598941794e+02 4.909718785296893202e+02 7.444814328495272093e+02 9.877419203446536358e+02 1.499130354934726938e+03 2.284419503206991976e+03 3.605848503582742069e+03 6.319537034221330032e+03 9.324896149524163775e+03 1.647639621635275034e+04 2.365017373721950207e+04 3.094636364684937143e+04 3.759141866525371006e+04 4.348665832685487840e+04 4.910542240666055295e+04 5.395232123154881265e+04 6.287017880204722314e+04 7.374311030033683346e+04 8.658855135414695542e+04 9.798091749277437339e+04 9.533891691866438487e+04 6.776164194058152498e+04
0.000000000000000000e+00 0.000000000000000000e+00 0.000000000000000000e+00 0.000000000000000000e+00 0.000000000000000000e+00 0.000000000000000000e+00 0.000000000000000000e+00 0.000000000000000000e+00 0.000000000000000000e+00 0.000000000000000000e+00 0.000000000000000000e+00 0.000000000000000000e+00 0.000000000000000000e+00 0.000000000000000000e+00 0.000000000000000000e+00 0.000000000000000000e+00 0.000000000000000000e+00 0.000000000000000000e+00 0.000000000000000000e+00 0.000000000000000000e+00 0.000000000000000000e+00 0.000000000000000000e+00 0.000000000000000000e+00 0.000000000000000000e+00 0.000000000000000000e+00 0.000000000000000000e+00 0.000000000000000000e+00 0.000000000000000000e+00 0.000000000000000000e+00 0.000000000000000000e+00 0.000000000000000000e+00 0.000000000000000000e+00 0.000000000000000000e+00 0.000000000000000000e+00 0.000000000000000000e+00 0.000000000000000000e+00 0.000000000000000000e+00 2.145702674893568140e-01 9.296560021760237191e+01 1.041959017935734124e+02 1.168140828348415141e+02 1.643063340963494170e+02 2.287625811975393617e+02 3.155409450487315439e+02 4.903384265672033848e+02 7.942098351716066418e+02 1.371660485627693788e+03 2.440979725508960200e+03 3.748055936263967396e+03 7.146431986763805071e+03 1.065772795095368565e+04 1.444549975735550288e+04 1.806005663766980433e+04 2.136578935495045880e+04 2.462396782103300939e+04 2.742728395506423840e+04 3.261244582772213835e+04 3.924542184130079113e+04 4.800659504953186843e+04 5.821050968974153511e+04 6.185506168889997934e+04 4.868216193315753480e+04
0.000000000000000000e+00 0.000000000000000000e+00 0.000000000000000000e+00 0.000000000000000000e+00 0.000000000000000000e+00 0.000000000000000000e+00 0.000000000000000000e+00 0.000000000000000000e+00 0.000000000000000000e+00 0.000000000000000000e+00 0.000000000000000000e+00 0.000000000000000000e+00 0.000000000000000000e+00 0.000000000000000000e+00 0.000000000000000000e+00 0.000000000000000000e+00 0.000000000000000000e+00 0.000000000000000000e+00 0.000000000000000000e+00 0.000000000000000000e+00 0.000000000000000000e+00 0.000000000000000000e+00 0.000000000000000000e+00 0.000000000000000000e+00 0.000000000000000000e+00 0.000000000000000000e+00 0.000000000000000000e+00 0.000000000000000000e+00 0.000000000000000000e+00 0.000000000000000000e+00 0.000000000000000000e+00 0.000000000000000000e+00 0.000000000000000000e+00 0.000000000000000000e+00 0.000000000000000000e+00 0.000000000000000000e+00 0.000000000000000000e+00 0.000000000000000000e+00 0.000000000000000000e+00 0.000000000000000000e+00 0.000000000000000000e+00 0.000000000000000000e+00 9.107199450636178639e+00 1.645546251729271958e+01 5.657210388930166545e+01 1.288710995582008252e+02 2.983536451078368259e+02 7.160617692528721818e+02 1.234892077547855024e+03 2.682472227043786006e+03 4.367262208873395139e+03 6.335966396808679747e+03 8.270162335878661906e+03 1.023930275074957535e+04 1.224217472341457142e+04 1.399744178974852002e+04 1.729449808580186073e+04 2.151296819331481674e+04 2.731882191141670410e+04 3.543250590413356258e+04 4.120569945007818751e+04 3.619714956294206786e+04
0.000000000000000000e+00 0.000000000000000000e+00 0.000000000000000000e+00 0.000000000000000000e+00 0.000000000000000000e+00 0.000000000000000000e+00 0.000000000000000000e+00 0.000000000000000000e+00 0.000000000000000000e+00 0.000000000000000000e+00 0.000000000000000000e+00 0.000000000000000000e+00 0.000000000000000000e+00 0.000000000000000000e+00 0.000000000000000000e+00 0.000000000000000000e+00 0.000000000000000000e+00 0.000000000000000000e+00 0.000000000000000000e+00 0.000000000000000000e+00 0.000000000000000000e+00 0.000000000000000000e+00 0.000000000000000000e+00 0.000000000000000000e+00 0.000000000000000000e+00 0.000000000000000000e+00 0.000000000000000000e+00 0.000000000000000000e+00 0.000000000000000000e+00 0.000000000000000000e+00 0.000000000000000000e+00 0.000000000000000000e+00 0.000000000000000000e+00 0.000000000000000000e+00 0.000000000000000000e+00 0.000000000000000000e+00 0.000000000000000000e+00 0.000000000000000000e+00 0.000000000000000000e+00 0.000000000000000000e+00 0.000000000000000000e+00 0.000000000000000000e+00 0.000000000000000000e+00 0.000000000000000000e+00 1.053997058579663282e+01 1.671700378208019444e+01 9.355916212900878293e+01 3.222838303394256059e+02 5.686576427215766216e+02 1.264966903951543600e+03 2.177486822412119182e+03 3.331127213101878624e+03 4.461026963787388922e+03 5.633153286546218624e+03 6.861825568842159555e+03 7.993506508780280456e+03 1.022054666021877165e+04 1.300020125762425050e+04 1.676607286973803639e+04 2.252893482342757852e+04 2.784358269449062209e+04 2.657321480462800901e+04
0.000000000000000000e+00 0.000000000000000000e+00 0.000000000000000000e+00 0.000000000000000000e+00 0.000000000000000000e+00 0.000000000000000000e+00 0.000000000000000000e+00 0.000000000000000000e+00 0.000000000000000000e+00 0.000000000000000000e+00 0.000000000000000000e+00 0.000000000000000000e+00 0.000000000000000000e+00 0.000000000000000000e+00 0.000000000000000000e+00 0.000000000000000000e+00 0.000000000000000000e+00 0.000000000000000000e+00 0.000000000000000000e+00 0.000000000000000000e+00 0.000000000000000000e+00 0.000000000000000000e+00 0.000000000000000000e+00 0.000000000000000000e+00 0.000000000000000000e+00 0.000000000000000000e+00 0.000000000000000000e+00 0.000000000000000000e+00 0.000000000000000000e+00 0.000000000000000000e+00 0.000000000000000000e+00 0.000000000000000000e+00 0.000000000000000000e+00 0.000000000000000000e+00 0.000000000000000000e+00 0.000000000000000000e+00 0.000000000000000000e+00 0.000000000000000000e+00 0.000000000000000000e+00 0.000000000000000000e+00 0.000000000000000000e+00 0.000000000000000000e+00 0.000000000000000000e+00 0.000000000000000000e+00 0.000000000000000000e+00 0.000000000000000000e+00 1.224509880833730335e+01 1.184006566986252267e+02 2.041241901551588853e+02 5.473639619821843780e+02 9.960300359123583576e+02 1.659384200277633909e+03 2.349563952040266486e+03 3.061913055404334955e+03 3.821903162446385522e+03 4.539388272084336677e+03 6.029221592003643309e+03 8.011565834285166602e+03 1.066504561412062139e+04 1.494883571278901582e+04 1.995804742793667174e+04 2.117072336265950798e+04
0.000000000000000000e+00 0.000000000000000000e+00 0.000000000000000000e+00 0.000000000000000000e+00 0.000000000000000000e+00 0.000000000000000000e+00 0.000000000000000000e+00 0.000000000000000000e+00 0.000000000000000000e+00 0.000000000000000000e+00 0.000000000000000000e+00 0.000000000000000000e+00 0.000000000000000000e+00 0.000000000000000000e+00 0.000000000000000000e+00 0.000000000000000000e+00 0.000000000000000000e+00 0.000000000000000000e+00 0.000000000000000000e+00 0.000000000000000000e+00 0.000000000000000000e+00 0.000000000000000000e+00 0.000000000000000000e+00 0.000000000000000000e+00 0.000000000000000000e+00 0.000000000000000000e+00 0.000000000000000000e+00 0.000000000000000000e+00 0.000000000000000000e+00 0.000000000000000000e+00 0.000000000000000000e+00 0.000000000000000000e+00 0.000000000000000000e+00 0.000000000000000000e+00 0.000000000000000000e+00 0.000000000000000000e+00 0.000000000000000000e+00 0.000000000000000000e+00 0.000000000000000000e+00 0.000000000000000000e+00 0.000000000000000000e+00 0.000000000000000000e+00 0.000000000000000000e+00 0.000000000000000000e+00 0.000000000000000000e+00 0.000000000000000000e+00 0.000000000000000000e+00 3.532502761175717865e+01 8.632906234364521936e+01 2.198924142669884816e+02 3.938097995139456771e+02 6.502591930911009968e+02 1.014559512303347447e+03 1.407318120948939850e+03 1.822953724545518526e+03 2.225562350633070764e+03 3.105396984557499763e+03 4.366773527186763204e+03 6.049444334785896899e+03 8.677629892614833807e+03 1.241569508613258222e+04 1.489399941234621838e+04
0.000000000000000000e+00 0.000000000000000000e+00 0.000000000000000000e+00 0.000000000000000000e+00 0.000000000000000000e+00 0.000000000000000000e+00 0.000000000000000000e+00 0.000000000000000000e+00 0.000000000000000000e+00 0.000000000000000000e+00 0.000000000000000000e+00 0.000000000000000000e+00 0.000000000000000000e+00 0.000000000000000000e+00 0.000000000000000000e+00 0.000000000000000000e+00 0.000000000000000000e+00 0.000000000000000000e+00 0.000000000000000000e+00 0.000000000000000000e+00 0.000000000000000000e+00 0.000000000000000000e+00 0.000000000000000000e+00 0.000000000000000000e+00 0.000000000000000000e+00 0.000000000000000000e+00 0.000000000000000000e+00 0.000000000000000000e+00 0.000000000000000000e+00 0.000000000000000000e+00 0.000000000000000000e+00 0.000000000000000000e+00 0.000000000000000000e+00 0.000000000000000000e+00 0.000000000000000000e+00 0.000000000000000000e+00 0.000000000000000000e+00 0.000000000000000000e+00 0.000000000000000000e+00 0.000000000000000000e+00 0.000000000000000000e+00 0.000000000000000000e+00 0.000000000000000000e+00 0.000000000000000000e+00 0.000000000000000000e+00 0.000000000000000000e+00 0.000000000000000000e+00 1.230497680766736401e+01 2.869857199294199646e+01 7.580592362207899271e+01 1.493421448496088146e+02 2.478422883675488038e+02 3.985602676926842491e+02 5.739437197649091331e+02 7.821473154936268202e+02 9.818248262941405073e+02 1.438671759796696733e+03 2.167326565393013880e+03 3.220050230488227953e+03 4.794934454470265337e+03 7.173179734108716730e+03 9.657165527941733671e+03
0.000000000000000000e+00 0.000000000000000000e+00 0.000000000000000000e+00 0.000000000000000000e+00 0.000000000000000000e+00 0.000000000000000000e+00 0.000000000000000000e+00 0.000000000000000000e+00 0.000000000000000000e+00 0.000000000000000000e+00 0.000000000000000000e+00 0.000000000000000000e+00 0.000000000000000000e+00 0.000000000000000000e+00 0.000000000000000000e+00 0.000000000000000000e+00 0.000000000000000000e+00 0.000000000000000000e+00 0.000000000000000000e+00 0.000000000000000000e+00 0.000000000000000000e+00 0.000000000000000000e+00 0.000000000000000000e+00 0.000000000000000000e+00 0.000000000000000000e+00 0.000000000000000000e+00 0.000000000000000000e+00 0.000000000000000000e+00 0.000000000000000000e+00 0.000000000000000000e+00 0.000000000000000000e+00 0.000000000000000000e+00 0.000000000000000000e+00 0.000000000000000000e+00 0.000000000000000000e+00 0.000000000000000000e+00 0.000000000000000000e+00 0.000000000000000000e+00 0.000000000000000000e+00 0.000000000000000000e+00 0.000000000000000000e+00 0.000000000000000000e+00 0.000000000000000000e+00 0.000000000000000000e+00 0.000000000000000000e+00 0.000000000000000000e+00 0.000000000000000000e+00 0.000000000000000000e+00 0.000000000000000000e+00 5.006824977040370328e+00 2.502079333700846675e+01 5.600202552352986629e+01 1.155977926871698145e+02 1.822189303148560100e+02 2.643481925796465930e+02 3.597726363990753384e+02 5.674280950913913557e+02 9.802126677551528928e+02 1.627677479766956594e+03 2.693779316505240786e+03 4.232184997760988153e+03 6.466391427573091278e+03
0.000000000000000000e+00 0.000000000000000000e+00 0.000000000000000000e+00 0.000000000000000000e+00 0.000000000000000000e+00 0.000000000000000000e+00 0.000000000000000000e+00 0.000000000000000000e+00 0.000000000000000000e+00 0.000000000000000000e+00 0.000000000000000000e+00 0.000000000000000000e+00 0.000000000000000000e+00 0.000000000000000000e+00 0.000000000000000000e+00 0.000000000000000000e+00 0.000000000000000000e+00 0.000000000000000000e+00 0.000000000000000000e+00 0.000000000000000000e+00 0.000000000000000000e+00 0.000000000000000000e+00 0.000000000000000000e+00 0.000000000000000000e+00 0.000000000000000000e+00 0.000000000000000000e+00 0.000000000000000000e+00 0.000000000000000000e+00 0.000000000000000000e+00 0.000000000000000000e+00 0.000000000000000000e+00 0.000000000000000000e+00 0.000000000000000000e+00 0.000000000000000000e+00 0.000000000000000000e+00 0.000000000000000000e+00 0.000000000000000000e+00 0.000000000000000000e+00 0.000000000000000000e+00 0.000000000000000000e+00 0.000000000000000000e+00 0.000000000000000000e+00 0.000000000000000000e+00 0.000000000000000000e+00 0.000000000000000000e+00 0.000000000000000000e+00 0.000000000000000000e+00 0.000000000000000000e+00 0.000000000000000000e+00 0.000000000000000000e+00 1.285116435094508791e+00 1.704760963040459387e+01 4.224756890923133312e+01 8.858768831088946172e+01 1.339204158205365900e+02 1.934681012567005780e+02 3.240540044292158086e+02 5.894791806614855432e+02 1.037389164265878890e+03 1.916214198099330133e+03 3.094621040436889871e+03 5.028880119043395098e+03
0.000000000000000000e+00 0.000000000000000000e+00 0.000000000000000000e+00 0.000000000000000000e+00 0.000000000000000000e+00 0.000000000000000000e+00 0.000000000000000000e+00 0.000000000000000000e+00 0.000000000000000000e+00 0.000000000000000000e+00 0.000000000000000000e+00 0.000000000000000000e+00 0.000000000000000000e+00 0.000000000000000000e+00 0.000000000000000000e+00 0.000000000000000000e+00 0.000000000000000000e+00 0.000000000000000000e+00 0.000000000000000000e+00 0.000000000000000000e+00 0.000000000000000000e+00 0.000000000000000000e+00 0.000000000000000000e+00 0.000000000000000000e+00 0.000000000000000000e+00 0.000000000000000000e+00 0.000000000000000000e+00 0.000000000000000000e+00 0.000000000000000000e+00 0.000000000000000000e+00 0.000000000000000000e+00 0.000000000000000000e+00 0.000000000000000000e+00 0.000000000000000000e+00 0.000000000000000000e+00 0.000000000000000000e+00 0.000000000000000000e+00 0.000000000000000000e+00 0.000000000000000000e+00 0.000000000000000000e+00 0.000000000000000000e+00 0.000000000000000000e+00 0.000000000000000000e+00 0.000000000000000000e+00 0.000000000000000000e+00 0.000000000000000000e+00 0.000000000000000000e+00 0.000000000000000000e+00 0.000000000000000000e+00 0.000000000000000000e+00 0.000000000000000000e+00 1.005792973724316530e+00 9.078650439246356285e+00 1.895964641871272605e+01 3.703668979537469852e+01 5.958875084178312420e+01 1.104171944641773422e+02 2.096023486105497398e+02 4.008184279492345468e+02 8.665531309764202206e+02 1.498207632737234690e+03 2.550512853078718308e+03
0.000000000000000000e+00 0.000000000000000000e+00 0.000000000000000000e+00 0.000000000000000000e+00 0.000000000000000000e+00 0.000000000000000000e+00 0.000000000000000000e+00 0.000000000000000000e+00 0.000000000000000000e+00 0.000000000000000000e+00 0.000000000000000000e+00 0.000000000000000000e+00 0.000000000000000000e+00 0.000000000000000000e+00 0.000000000000000000e+00 0.000000000000000000e+00 0.000000000000000000e+00 0.000000000000000000e+00 0.000000000000000000e+00 0.000000000000000000e+00 0.000000000000000000e+00 0.000000000000000000e+00 0.000000000000000000e+00 0.000000000000000000e+00 0.000000000000000000e+00 0.000000000000000000e+00 0.000000000000000000e+00 0.000000000000000000e+00 0.000000000000000000e+00 0.000000000000000000e+00 0.000000000000000000e+00 0.000000000000000000e+00 0.000000000000000000e+00 0.000000000000000000e+00 0.000000000000000000e+00 0.000000000000000000e+00 0.000000000000000000e+00 0.000000000000000000e+00 0.000000000000000000e+00 0.000000000000000000e+00 0.000000000000000000e+00 0.000000000000000000e+00 0.000000000000000000e+00 0.000000000000000000e+00 0.000000000000000000e+00 0.000000000000000000e+00 0.000000000000000000e+00 0.000000000000000000e+00 0.000000000000000000e+00 0.000000000000000000e+00 0.000000000000000000e+00 0.000000000000000000e+00 2.374570564567669795e+00 2.751184069858945591e+00 6.714248699571293777e+00 1.358947696506039371e+01 3.196447960144616829e+01 6.971746615270852487e+01 1.433741218885053854e+02 3.825506938604523270e+02 7.627211823665014663e+02 1.329258790919878493e+03
0.000000000000000000e+00 0.000000000000000000e+00 0.000000000000000000e+00 0.000000000000000000e+00 0.000000000000000000e+00 0.000000000000000000e+00 0.000000000000000000e+00 0.000000000000000000e+00 0.000000000000000000e+00 0.000000000000000000e+00 0.000000000000000000e+00 0.000000000000000000e+00 0.000000000000000000e+00 0.000000000000000000e+00 0.000000000000000000e+00 0.000000000000000000e+00 0.000000000000000000e+00 0.000000000000000000e+00 0.000000000000000000e+00 0.000000000000000000e+00 0.000000000000000000e+00 0.000000000000000000e+00 0.000000000000000000e+00 0.000000000000000000e+00 0.000000000000000000e+00 0.000000000000000000e+00 0.000000000000000000e+00 0.000000000000000000e+00 0.000000000000000000e+00 0.000000000000000000e+00 0.000000000000000000e+00 0.000000000000000000e+00 0.000000000000000000e+00 0.000000000000000000e+00 0.000000000000000000e+00 0.000000000000000000e+00 0.000000000000000000e+00 0.000000000000000000e+00 0.000000000000000000e+00 0.000000000000000000e+00 0.000000000000000000e+00 0.000000000000000000e+00 0.000000000000000000e+00 0.000000000000000000e+00 0.000000000000000000e+00 0.000000000000000000e+00 0.000000000000000000e+00 0.000000000000000000e+00 0.000000000000000000e+00 0.000000000000000000e+00 0.000000000000000000e+00 0.000000000000000000e+00 0.000000000000000000e+00 0.000000000000000000e+00 1.521198701235004780e+00 3.436673911174161766e+00 8.472809390198417390e+00 2.829217438392206319e+01 6.196258180254247350e+01 1.987596409780740601e+02 4.895674445520926383e+02 8.671653971949467632e+02
0.000000000000000000e+00 0.000000000000000000e+00 0.000000000000000000e+00 0.000000000000000000e+00 0.000000000000000000e+00 0.000000000000000000e+00 0.000000000000000000e+00 0.000000000000000000e+00 0.000000000000000000e+00 0.000000000000000000e+00 0.000000000000000000e+00 0.000000000000000000e+00 0.000000000000000000e+00 0.000000000000000000e+00 0.000000000000000000e+00 0.000000000000000000e+00 0.000000000000000000e+00 0.000000000000000000e+00 0.000000000000000000e+00 0.000000000000000000e+00 0.000000000000000000e+00 0.000000000000000000e+00 0.000000000000000000e+00 0.000000000000000000e+00 0.000000000000000000e+00 0.000000000000000000e+00 0.000000000000000000e+00 0.000000000000000000e+00 0.000000000000000000e+00 0.000000000000000000e+00 0.000000000000000000e+00 0.000000000000000000e+00 0.000000000000000000e+00 0.000000000000000000e+00 0.000000000000000000e+00 0.000000000000000000e+00 0.000000000000000000e+00 0.000000000000000000e+00 0.000000000000000000e+00 0.000000000000000000e+00 0.000000000000000000e+00 0.000000000000000000e+00 0.000000000000000000e+00 0.000000000000000000e+00 0.000000000000000000e+00 0.000000000000000000e+00 0.000000000000000000e+00 0.000000000000000000e+00 0.000000000000000000e+00 0.000000000000000000e+00 0.000000000000000000e+00 0.000000000000000000e+00 0.000000000000000000e+00 0.000000000000000000e+00 0.000000000000000000e+00 0.000000000000000000e+00 0.000000000000000000e+00 2.714531488239836143e+00 1.380647840973362861e+01 6.356360373698402100e+01 2.228940269632499849e+02 4.348094602375739441e+02
0.000000000000000000e+00 0.000000000000000000e+00 0.000000000000000000e+00 0.000000000000000000e+00 0.000000000000000000e+00 0.000000000000000000e+00 0.000000000000000000e+00 0.000000000000000000e+00 0.000000000000000000e+00 0.000000000000000000e+00 0.000000000000000000e+00 0.000000000000000000e+00 0.000000000000000000e+00 0.000000000000000000e+00 0.000000000000000000e+00 0.000000000000000000e+00 0.000000000000000000e+00 0.000000000000000000e+00 0.000000000000000000e+00 0.000000000000000000e+00 0.000000000000000000e+00 0.000000000000000000e+00 0.000000000000000000e+00 0.000000000000000000e+00 0.000000000000000000e+00 0.000000000000000000e+00 0.000000000000000000e+00 0.000000000000000000e+00 0.000000000000000000e+00 0.000000000000000000e+00 0.000000000000000000e+00 0.000000000000000000e+00 0.000000000000000000e+00 0.000000000000000000e+00 0.000000000000000000e+00 0.000000000000000000e+00 0.000000000000000000e+00 0.000000000000000000e+00 0.000000000000000000e+00 0.000000000000000000e+00 0.000000000000000000e+00 0.000000000000000000e+00 0.000000000000000000e+00 0.000000000000000000e+00 0.000000000000000000e+00 0.000000000000000000e+00 0.000000000000000000e+00 0.000000000000000000e+00 0.000000000000000000e+00 0.000000000000000000e+00 0.000000000000000000e+00 0.000000000000000000e+00 0.000000000000000000e+00 0.000000000000000000e+00 0.000000000000000000e+00 0.000000000000000000e+00 0.000000000000000000e+00 1.130557170833718761e+00 4.379196433081106399e+00 3.001324798519161519e+01 1.222897877442551930e+02 2.849579302001178576e+02
0.000000000000000000e+00 0.000000000000000000e+00 0.000000000000000000e+00 0.000000000000000000e+00 0.000000000000000000e+00 0.000000000000000000e+00 0.000000000000000000e+00 0.000000000000000000e+00 0.000000000000000000e+00 0.000000000000000000e+00 0.000000000000000000e+00 0.000000000000000000e+00 0.000000000000000000e+00 0.000000000000000000e+00 0.000000000000000000e+00 0.000000000000000000e+00 0.000000000000000000e+00 0.000000000000000000e+00 0.000000000000000000e+00 0.000000000000000000e+00 0.000000000000000000e+00 0.000000000000000000e+00 0.000000000000000000e+00 0.000000000000000000e+00 0.000000000000000000e+00 0.000000000000000000e+00 0.000000000000000000e+00 0.000000000000000000e+00 0.000000000000000000e+00 0.000000000000000000e+00 0.000000000000000000e+00 0.000000000000000000e+00 0.000000000000000000e+00 0.000000000000000000e+00 0.000000000000000000e+00 0.000000000000000000e+00 0.000000000000000000e+00 0.000000000000000000e+00 0.000000000000000000e+00 0.000000000000000000e+00 0.000000000000000000e+00 0.000000000000000000e+00 0.000000000000000000e+00 0.000000000000000000e+00 0.000000000000000000e+00 0.000000000000000000e+00 0.000000000000000000e+00 0.000000000000000000e+00 0.000000000000000000e+00 0.000000000000000000e+00 0.000000000000000000e+00 0.000000000000000000e+00 0.000000000000000000e+00 0.000000000000000000e+00 0.000000000000000000e+00 0.000000000000000000e+00 0.000000000000000000e+00 0.000000000000000000e+00 3.533382924874717834e-01 1.206461151210487870e+01 5.781977203559180367e+01 1.839997504154420653e+02
0.000000000000000000e+00 0.000000000000000000e+00 0.000000000000000000e+00 0.000000000000000000e+00 0.000000000000000000e+00 0.000000000000000000e+00 0.000000000000000000e+00 0.000000000000000000e+00 0.000000000000000000e+00 0.000000000000000000e+00 0.000000000000000000e+00 0.000000000000000000e+00 0.000000000000000000e+00 0.000000000000000000e+00 0.000000000000000000e+00 0.000000000000000000e+00 0.000000000000000000e+00 0.000000000000000000e+00 0.000000000000000000e+00 0.000000000000000000e+00 0.000000000000000000e+00 0.000000000000000000e+00 0.000000000000000000e+00 0.000000000000000000e+00 0.000000000000000000e+00 0.000000000000000000e+00 0.000000000000000000e+00 0.000000000000000000e+00 0.000000000000000000e+00 0.000000000000000000e+00 0.000000000000000000e+00 0.000000000000000000e+00 0.000000000000000000e+00 0.000000000000000000e+00 0.000000000000000000e+00 0.000000000000000000e+00 0.000000000000000000e+00 0.000000000000000000e+00 0.000000000000000000e+00 0.000000000000000000e+00 0.000000000000000000e+00 0.000000000000000000e+00 0.000000000000000000e+00 0.000000000000000000e+00 0.000000000000000000e+00 0.000000000000000000e+00 0.000000000000000000e+00 0.000000000000000000e+00 0.000000000000000000e+00 0.000000000000000000e+00 0.000000000000000000e+00 0.000000000000000000e+00 0.000000000000000000e+00 0.000000000000000000e+00 0.000000000000000000e+00 0.000000000000000000e+00 0.000000000000000000e+00 0.000000000000000000e+00 0.000000000000000000e+00 3.161207943820294908e+00 2.753183026585181992e+01 1.272307193538299970e+02
0.000000000000000000e+00 0.000000000000000000e+00 0.000000000000000000e+00 0.000000000000000000e+00 0.000000000000000000e+00 0.000000000000000000e+00 0.000000000000000000e+00 0.000000000000000000e+00 0.000000000000000000e+00 0.000000000000000000e+00 0.000000000000000000e+00 0.000000000000000000e+00 0.000000000000000000e+00 0.000000000000000000e+00 0.000000000000000000e+00 0.000000000000000000e+00 0.000000000000000000e+00 0.000000000000000000e+00 0.000000000000000000e+00 0.000000000000000000e+00 0.000000000000000000e+00 0.000000000000000000e+00 0.000000000000000000e+00 0.000000000000000000e+00 0.000000000000000000e+00 0.000000000000000000e+00 0.000000000000000000e+00 0.000000000000000000e+00 0.000000000000000000e+00 0.000000000000000000e+00 0.000000000000000000e+00 0.000000000000000000e+00 0.000000000000000000e+00 0.000000000000000000e+00 0.000000000000000000e+00 0.000000000000000000e+00 0.000000000000000000e+00 0.000000000000000000e+00 0.000000000000000000e+00 0.000000000000000000e+00 0.000000000000000000e+00 0.000000000000000000e+00 0.000000000000000000e+00 0.000000000000000000e+00 0.000000000000000000e+00 0.000000000000000000e+00 0.000000000000000000e+00 0.000000000000000000e+00 0.000000000000000000e+00 0.000000000000000000e+00 0.000000000000000000e+00 0.000000000000000000e+00 0.000000000000000000e+00 0.000000000000000000e+00 0.000000000000000000e+00 0.000000000000000000e+00 0.000000000000000000e+00 0.000000000000000000e+00 0.000000000000000000e+00 2.021797938492950197e-01 1.254112796339770242e+01 7.405868418011513654e+01
